/*--------------------------------*- C++ -*----------------------------------*\
| =========                 |                                                 |
| \\      /  F ield         | OpenFOAM: The Open Source CFD Toolbox           |
|  \\    /   O peration     | Version:  v1912                                 |
|   \\  /    A nd           | Website:  www.openfoam.com                      |
|    \\/     M anipulation  |                                                 |
\*---------------------------------------------------------------------------*/
FoamFile
{
    version     2.0;
    format      ascii;
    class       vectorField;
    location    "0.001/wallFilmRegion/polyMesh";
    object      points;
}
// * * * * * * * * * * * * * * * * * * * * * * * * * * * * * * * * * * * * * //


244
(
(-0.076 0 0)
(-0.07589584464 0 0.003977532682)
(-0.07589584464 -0.0152 0.003977532682)
(-0.076 -0.0152 0)
(-0.07558366405 0 0.007944163227)
(-0.07558366405 -0.0152 0.007944163227)
(-0.07506431388 0 0.01188901937)
(-0.07506431388 -0.0152 0.01188901937)
(-0.07433921765 0 0.01580128854)
(-0.07433921765 -0.0152 0.01580128854)
(-0.07341036279 0 0.01967024747)
(-0.07341036279 -0.0152 0.01967024747)
(-0.07228029522 0 0.02348529163)
(-0.07228029522 -0.0152 0.02348529163)
(-0.07095211239 0 0.02723596423)
(-0.07095211239 -0.0152 0.02723596423)
(-0.06942945475 0 0.03091198494)
(-0.06942945475 -0.0152 0.03091198494)
(-0.06771649581 0 0.03450327803)
(-0.06771649581 -0.0152 0.03450327803)
(-0.06581793067 0 0.03800000004)
(-0.06581793067 -0.0152 0.03800000004)
(-0.06373896314 0 0.04139256669)
(-0.06373896314 -0.0152 0.04139256669)
(-0.06148529156 0 0.0446716792)
(-0.06148529156 -0.0152 0.0446716792)
(-0.05906309306 0 0.04782834973)
(-0.05906309306 -0.0152 0.04782834973)
(-0.05647900673 0 0.05085392609)
(-0.05647900673 -0.0152 0.05085392609)
(-0.05374011537 0 0.05374011537)
(-0.05374011537 -0.0152 0.05374011537)
(-0.05085392609 0 0.05647900673)
(-0.05085392609 -0.0152 0.05647900673)
(-0.04782834973 0 0.05906309306)
(-0.04782834973 -0.0152 0.05906309306)
(-0.0446716792 0 0.06148529156)
(-0.0446716792 -0.0152 0.06148529156)
(-0.04139256669 0 0.06373896314)
(-0.04139256669 -0.0152 0.06373896314)
(-0.03800000004 0 0.06581793067)
(-0.03800000004 -0.0152 0.06581793067)
(-0.03450327803 0 0.06771649581)
(-0.03450327803 -0.0152 0.06771649581)
(-0.03091198494 0 0.06942945475)
(-0.03091198494 -0.0152 0.06942945475)
(-0.02723596423 0 0.07095211239)
(-0.02723596423 -0.0152 0.07095211239)
(-0.02348529163 0 0.07228029522)
(-0.02348529163 -0.0152 0.07228029522)
(-0.01967024747 0 0.07341036279)
(-0.01967024747 -0.0152 0.07341036279)
(-0.01580128854 0 0.07433921765)
(-0.01580128854 -0.0152 0.07433921765)
(-0.01188901937 0 0.07506431388)
(-0.01188901937 -0.0152 0.07506431388)
(-0.007944163227 0 0.07558366405)
(-0.007944163227 -0.0152 0.07558366405)
(-0.003977532682 0 0.07589584464)
(-0.003977532682 -0.0152 0.07589584464)
(0 0 0.076)
(0 -0.0152 0.076)
(-0.05374011537 0 -0.05374011537)
(-0.05374011537 -0.0152 -0.05374011537)
(-0.05085392609 -0.0152 -0.05647900673)
(-0.05085392609 0 -0.05647900673)
(-0.04782834973 -0.0152 -0.05906309306)
(-0.04782834973 0 -0.05906309306)
(-0.0446716792 -0.0152 -0.06148529156)
(-0.0446716792 0 -0.06148529156)
(-0.04139256669 -0.0152 -0.06373896314)
(-0.04139256669 0 -0.06373896314)
(-0.03800000004 -0.0152 -0.06581793067)
(-0.03800000004 0 -0.06581793067)
(-0.03450327803 -0.0152 -0.06771649581)
(-0.03450327803 0 -0.06771649581)
(-0.03091198494 -0.0152 -0.06942945475)
(-0.03091198494 0 -0.06942945475)
(-0.02723596423 -0.0152 -0.07095211239)
(-0.02723596423 0 -0.07095211239)
(-0.02348529163 -0.0152 -0.07228029522)
(-0.02348529163 0 -0.07228029522)
(-0.01967024747 -0.0152 -0.07341036279)
(-0.01967024747 0 -0.07341036279)
(-0.01580128854 -0.0152 -0.07433921765)
(-0.01580128854 0 -0.07433921765)
(-0.01188901937 -0.0152 -0.07506431388)
(-0.01188901937 0 -0.07506431388)
(-0.007944163227 -0.0152 -0.07558366405)
(-0.007944163227 0 -0.07558366405)
(-0.003977532682 -0.0152 -0.07589584464)
(-0.003977532682 0 -0.07589584464)
(0 -0.0152 -0.076)
(0 0 -0.076)
(-0.07589584464 0 -0.003977532682)
(-0.07589584464 -0.0152 -0.003977532682)
(-0.07558366405 0 -0.007944163227)
(-0.07558366405 -0.0152 -0.007944163227)
(-0.07506431388 0 -0.01188901937)
(-0.07506431388 -0.0152 -0.01188901937)
(-0.07433921765 0 -0.01580128854)
(-0.07433921765 -0.0152 -0.01580128854)
(-0.07341036279 0 -0.01967024747)
(-0.07341036279 -0.0152 -0.01967024747)
(-0.07228029522 0 -0.02348529163)
(-0.07228029522 -0.0152 -0.02348529163)
(-0.07095211239 0 -0.02723596423)
(-0.07095211239 -0.0152 -0.02723596423)
(-0.06942945475 0 -0.03091198494)
(-0.06942945475 -0.0152 -0.03091198494)
(-0.06771649581 0 -0.03450327803)
(-0.06771649581 -0.0152 -0.03450327803)
(-0.06581793067 0 -0.03800000004)
(-0.06581793067 -0.0152 -0.03800000004)
(-0.06373896314 0 -0.04139256669)
(-0.06373896314 -0.0152 -0.04139256669)
(-0.06148529156 0 -0.0446716792)
(-0.06148529156 -0.0152 -0.0446716792)
(-0.05906309306 0 -0.04782834973)
(-0.05906309306 -0.0152 -0.04782834973)
(-0.05647900673 0 -0.05085392609)
(-0.05647900673 -0.0152 -0.05085392609)
(-0.071 0 0)
(-0.07090269697 2.189086811e-21 0.003715852903)
(-0.07090269697 -0.0152 0.003715852903)
(-0.071 -0.0152 0)
(-0.07061105457 2.189086811e-21 0.007421520909)
(-0.07061105457 -0.0152 0.007421520909)
(-0.07012587218 4.378173622e-21 0.01110684704)
(-0.07012587218 -0.0152 0.01110684704)
(-0.06944847965 4.378173623e-21 0.01476173009)
(-0.06944847965 -0.0152 0.01476173009)
(-0.06858073366 0 0.01837615224)
(-0.06858073366 -0.0152 0.01837615224)
(-0.06752501264 0 0.02194020665)
(-0.06752501264 -0.0152 0.02194020665)
(-0.06628421026 0 0.02544412448)
(-0.06628421026 -0.0152 0.02544412448)
(-0.06486172746 0 0.02887830172)
(-0.06486172746 -0.0152 0.02887830172)
(-0.06326146319 -8.756347299e-21 0.03223332553)
(-0.06326146319 -0.0152 0.03223332553)
(-0.06148780365 -8.756347299e-21 0.03550000004)
(-0.06148780365 -0.0152 0.03550000004)
(-0.0595456103 8.756347288e-21 0.03866937151)
(-0.0595456103 -0.0152 0.03866937151)
(-0.05744020659 8.756347289e-21 0.04173275294)
(-0.05744020659 -0.0152 0.04173275294)
(-0.05517736326 0 0.04468174777)
(-0.05517736326 -0.0152 0.04468174777)
(-0.0527632826 0 0.04750827306)
(-0.0527632826 -0.0152 0.04750827306)
(-0.05020458146 0 0.05020458146)
(-0.05020458146 -0.0152 0.05020458146)
(-0.04750827306 0 0.0527632826)
(-0.04750827306 -0.0152 0.0527632826)
(-0.04468174777 0 0.05517736326)
(-0.04468174777 -0.0152 0.05517736326)
(-0.04173275294 -8.756347289e-21 0.05744020659)
(-0.04173275294 -0.0152 0.05744020659)
(-0.03866937151 -8.756347288e-21 0.0595456103)
(-0.03866937151 -0.0152 0.0595456103)
(-0.03550000004 8.756347299e-21 0.06148780365)
(-0.03550000004 -0.0152 0.06148780365)
(-0.03223332553 8.756347299e-21 0.06326146319)
(-0.03223332553 -0.0152 0.06326146319)
(-0.02887830172 0 0.06486172746)
(-0.02887830172 -0.0152 0.06486172746)
(-0.02544412448 0 0.06628421026)
(-0.02544412448 -0.0152 0.06628421026)
(-0.02194020665 0 0.06752501264)
(-0.02194020665 -0.0152 0.06752501264)
(-0.01837615224 0 0.06858073366)
(-0.01837615224 -0.0152 0.06858073366)
(-0.01476173009 0 0.06944847965)
(-0.01476173009 -0.0152 0.06944847965)
(-0.01110684704 0 0.07012587218)
(-0.01110684704 -0.0152 0.07012587218)
(-0.007421520909 -2.189086811e-21 0.07061105457)
(-0.007421520909 -0.0152 0.07061105457)
(-0.003715852903 -2.189086811e-21 0.07090269697)
(-0.003715852903 -0.0152 0.07090269697)
(0.000130884743 0 0.07100171338)
(0.000130884743 -0.0152 0.07100171338)
(-0.05020458146 0 -0.05020458146)
(-0.05020458146 -0.0152 -0.05020458146)
(-0.04750827306 -0.0152 -0.0527632826)
(-0.04750827306 0 -0.0527632826)
(-0.04468174777 -0.0152 -0.05517736326)
(-0.04468174777 0 -0.05517736326)
(-0.04173275294 -0.0152 -0.05744020659)
(-0.04173275294 8.756347289e-21 -0.05744020659)
(-0.03866937151 -0.0152 -0.0595456103)
(-0.03866937151 8.756347288e-21 -0.0595456103)
(-0.03550000004 -0.0152 -0.06148780365)
(-0.03550000004 -8.756347299e-21 -0.06148780365)
(-0.03223332553 -0.0152 -0.06326146319)
(-0.03223332553 -8.756347299e-21 -0.06326146319)
(-0.02887830172 -0.0152 -0.06486172746)
(-0.02887830172 0 -0.06486172746)
(-0.02544412448 -0.0152 -0.06628421026)
(-0.02544412448 0 -0.06628421026)
(-0.02194020665 -0.0152 -0.06752501264)
(-0.02194020665 0 -0.06752501264)
(-0.01837615224 -0.0152 -0.06858073366)
(-0.01837615224 0 -0.06858073366)
(-0.01476173009 -0.0152 -0.06944847965)
(-0.01476173009 4.378173623e-21 -0.06944847965)
(-0.01110684704 -0.0152 -0.07012587218)
(-0.01110684704 4.378173622e-21 -0.07012587218)
(-0.007421520909 -0.0152 -0.07061105457)
(-0.007421520909 2.189086811e-21 -0.07061105457)
(-0.003715852903 -0.0152 -0.07090269697)
(-0.003715852903 2.189086811e-21 -0.07090269697)
(0.000130884743 -0.0152 -0.07100171338)
(0.000130884743 0 -0.07100171338)
(-0.07090269697 -2.189086811e-21 -0.003715852903)
(-0.07090269697 -0.0152 -0.003715852903)
(-0.07061105457 -2.189086811e-21 -0.007421520909)
(-0.07061105457 -0.0152 -0.007421520909)
(-0.07012587218 0 -0.01110684704)
(-0.07012587218 -0.0152 -0.01110684704)
(-0.06944847965 0 -0.01476173009)
(-0.06944847965 -0.0152 -0.01476173009)
(-0.06858073366 0 -0.01837615224)
(-0.06858073366 -0.0152 -0.01837615224)
(-0.06752501264 0 -0.02194020665)
(-0.06752501264 -0.0152 -0.02194020665)
(-0.06628421026 0 -0.02544412448)
(-0.06628421026 -0.0152 -0.02544412448)
(-0.06486172746 0 -0.02887830172)
(-0.06486172746 -0.0152 -0.02887830172)
(-0.06326146319 8.756347299e-21 -0.03223332553)
(-0.06326146319 -0.0152 -0.03223332553)
(-0.06148780365 8.756347299e-21 -0.03550000004)
(-0.06148780365 -0.0152 -0.03550000004)
(-0.0595456103 -8.756347288e-21 -0.03866937151)
(-0.0595456103 -0.0152 -0.03866937151)
(-0.05744020659 -8.756347289e-21 -0.04173275294)
(-0.05744020659 -0.0152 -0.04173275294)
(-0.05517736326 0 -0.04468174777)
(-0.05517736326 -0.0152 -0.04468174777)
(-0.0527632826 0 -0.04750827306)
(-0.0527632826 -0.0152 -0.04750827306)
)


// ************************************************************************* //
