/*--------------------------------*- C++ -*----------------------------------*\
| =========                 |                                                 |
| \\      /  F ield         | OpenFOAM: The Open Source CFD Toolbox           |
|  \\    /   O peration     | Version:  v1912                                 |
|   \\  /    A nd           | Website:  www.openfoam.com                      |
|    \\/     M anipulation  |                                                 |
\*---------------------------------------------------------------------------*/
FoamFile
{
    version     2.0;
    format      ascii;
    class       faceList;
    location    "constant/wallFilmRegion/polyMesh";
    object      faces;
}
// * * * * * * * * * * * * * * * * * * * * * * * * * * * * * * * * * * * * * //


600
(
4(1 2 242 241)
4(3 0 240 243)
4(4 5 245 244)
4(6 7 247 246)
4(8 9 249 248)
4(10 11 251 250)
4(12 13 253 252)
4(14 15 255 254)
4(16 17 257 256)
4(18 19 259 258)
4(20 21 261 260)
4(22 23 263 262)
4(24 25 265 264)
4(26 27 267 266)
4(28 29 269 268)
4(30 31 271 270)
4(32 33 273 272)
4(34 35 275 274)
4(36 37 277 276)
4(38 39 279 278)
4(40 41 281 280)
4(42 43 283 282)
4(44 45 285 284)
4(46 47 287 286)
4(48 49 289 288)
4(50 51 291 290)
4(52 53 293 292)
4(54 55 295 294)
4(56 57 297 296)
4(58 59 299 298)
4(60 61 301 300)
4(63 64 304 303)
4(65 62 302 305)
4(66 67 307 306)
4(68 69 309 308)
4(70 71 311 310)
4(72 73 313 312)
4(74 75 315 314)
4(76 77 317 316)
4(78 79 319 318)
4(80 81 321 320)
4(82 83 323 322)
4(84 85 325 324)
4(86 87 327 326)
4(88 89 329 328)
4(90 91 331 330)
4(92 93 333 332)
4(94 95 335 334)
4(96 97 337 336)
4(98 99 339 338)
4(100 101 341 340)
4(102 103 343 342)
4(104 105 345 344)
4(106 107 347 346)
4(108 109 349 348)
4(110 111 351 350)
4(112 113 353 352)
4(114 115 355 354)
4(116 117 357 356)
4(118 119 359 358)
4(120 121 361 360)
4(125 122 362 365)
4(123 124 364 363)
4(127 126 366 367)
4(129 128 368 369)
4(131 130 370 371)
4(133 132 372 373)
4(135 134 374 375)
4(137 136 376 377)
4(139 138 378 379)
4(141 140 380 381)
4(143 142 382 383)
4(145 144 384 385)
4(147 146 386 387)
4(149 148 388 389)
4(151 150 390 391)
4(153 152 392 393)
4(155 154 394 395)
4(157 156 396 397)
4(159 158 398 399)
4(161 160 400 401)
4(163 162 402 403)
4(165 164 404 405)
4(167 166 406 407)
4(169 168 408 409)
4(171 170 410 411)
4(173 172 412 413)
4(175 174 414 415)
4(177 176 416 417)
4(179 178 418 419)
4(181 180 420 421)
4(183 182 422 423)
4(185 184 424 425)
4(187 186 426 427)
4(189 188 428 429)
4(191 190 430 431)
4(193 192 432 433)
4(195 194 434 435)
4(197 196 436 437)
4(199 198 438 439)
4(201 200 440 441)
4(203 202 442 443)
4(205 204 444 445)
4(207 206 446 447)
4(209 208 448 449)
4(211 210 450 451)
4(213 212 452 453)
4(215 214 454 455)
4(217 216 456 457)
4(219 218 458 459)
4(221 220 460 461)
4(223 222 462 463)
4(225 224 464 465)
4(227 226 466 467)
4(229 228 468 469)
4(231 230 470 471)
4(233 232 472 473)
4(235 234 474 475)
4(237 236 476 477)
4(239 238 478 479)
4(2 3 243 242)
4(5 2 242 245)
4(7 5 245 247)
4(9 7 247 249)
4(11 9 249 251)
4(13 11 251 253)
4(15 13 253 255)
4(17 15 255 257)
4(19 17 257 259)
4(21 19 259 261)
4(23 21 261 263)
4(25 23 263 265)
4(27 25 265 267)
4(29 27 267 269)
4(31 29 269 271)
4(33 31 271 273)
4(35 33 273 275)
4(37 35 275 277)
4(39 37 277 279)
4(41 39 279 281)
4(43 41 281 283)
4(45 43 283 285)
4(47 45 285 287)
4(49 47 287 289)
4(51 49 289 291)
4(53 51 291 293)
4(55 53 293 295)
4(57 55 295 297)
4(59 57 297 299)
4(61 59 299 301)
4(64 65 305 304)
4(67 64 304 307)
4(69 67 307 309)
4(71 69 309 311)
4(73 71 311 313)
4(75 73 313 315)
4(77 75 315 317)
4(79 77 317 319)
4(81 79 319 321)
4(83 81 321 323)
4(85 83 323 325)
4(87 85 325 327)
4(89 87 327 329)
4(91 89 329 331)
4(93 91 331 333)
4(95 93 333 335)
4(97 95 335 337)
4(99 97 337 339)
4(101 99 339 341)
4(103 101 341 343)
4(105 103 343 345)
4(107 105 345 347)
4(109 107 347 349)
4(111 109 349 351)
4(113 111 351 353)
4(115 113 353 355)
4(117 115 355 357)
4(119 117 357 359)
4(121 119 359 361)
4(3 121 361 243)
4(124 125 365 364)
4(125 127 367 365)
4(127 129 369 367)
4(129 131 371 369)
4(131 133 373 371)
4(133 135 375 373)
4(135 137 377 375)
4(137 139 379 377)
4(139 141 381 379)
4(141 143 383 381)
4(143 145 385 383)
4(145 147 387 385)
4(147 149 389 387)
4(149 151 391 389)
4(151 153 393 391)
4(153 155 395 393)
4(155 157 397 395)
4(157 159 399 397)
4(159 161 401 399)
4(161 163 403 401)
4(163 165 405 403)
4(165 167 407 405)
4(167 169 409 407)
4(169 171 411 409)
4(171 173 413 411)
4(173 175 415 413)
4(175 177 417 415)
4(177 179 419 417)
4(179 181 421 419)
4(181 61 301 421)
4(65 183 423 305)
4(183 185 425 423)
4(185 187 427 425)
4(187 189 429 427)
4(189 191 431 429)
4(191 193 433 431)
4(193 195 435 433)
4(195 197 437 435)
4(197 199 439 437)
4(199 201 441 439)
4(201 203 443 441)
4(203 205 445 443)
4(205 207 447 445)
4(207 209 449 447)
4(209 211 451 449)
4(211 213 453 451)
4(213 215 455 453)
4(215 217 457 455)
4(217 219 459 457)
4(219 221 461 459)
4(221 223 463 461)
4(223 225 465 463)
4(225 227 467 465)
4(227 229 469 467)
4(229 231 471 469)
4(231 233 473 471)
4(233 235 475 473)
4(235 237 477 475)
4(237 239 479 477)
4(239 124 364 479)
4(0 1 241 240)
4(1 4 244 241)
4(4 6 246 244)
4(6 8 248 246)
4(8 10 250 248)
4(10 12 252 250)
4(12 14 254 252)
4(14 16 256 254)
4(16 18 258 256)
4(18 20 260 258)
4(20 22 262 260)
4(22 24 264 262)
4(24 26 266 264)
4(26 28 268 266)
4(28 30 270 268)
4(30 32 272 270)
4(32 34 274 272)
4(34 36 276 274)
4(36 38 278 276)
4(38 40 280 278)
4(40 42 282 280)
4(42 44 284 282)
4(44 46 286 284)
4(46 48 288 286)
4(48 50 290 288)
4(50 52 292 290)
4(52 54 294 292)
4(54 56 296 294)
4(56 58 298 296)
4(58 60 300 298)
4(62 63 303 302)
4(63 66 306 303)
4(66 68 308 306)
4(68 70 310 308)
4(70 72 312 310)
4(72 74 314 312)
4(74 76 316 314)
4(76 78 318 316)
4(78 80 320 318)
4(80 82 322 320)
4(82 84 324 322)
4(84 86 326 324)
4(86 88 328 326)
4(88 90 330 328)
4(90 92 332 330)
4(92 94 334 332)
4(94 96 336 334)
4(96 98 338 336)
4(98 100 340 338)
4(100 102 342 340)
4(102 104 344 342)
4(104 106 346 344)
4(106 108 348 346)
4(108 110 350 348)
4(110 112 352 350)
4(112 114 354 352)
4(114 116 356 354)
4(116 118 358 356)
4(118 120 360 358)
4(120 0 240 360)
4(122 123 363 362)
4(126 122 362 366)
4(128 126 366 368)
4(130 128 368 370)
4(132 130 370 372)
4(134 132 372 374)
4(136 134 374 376)
4(138 136 376 378)
4(140 138 378 380)
4(142 140 380 382)
4(144 142 382 384)
4(146 144 384 386)
4(148 146 386 388)
4(150 148 388 390)
4(152 150 390 392)
4(154 152 392 394)
4(156 154 394 396)
4(158 156 396 398)
4(160 158 398 400)
4(162 160 400 402)
4(164 162 402 404)
4(166 164 404 406)
4(168 166 406 408)
4(170 168 408 410)
4(172 170 410 412)
4(174 172 412 414)
4(176 174 414 416)
4(178 176 416 418)
4(180 178 418 420)
4(60 180 420 300)
4(182 62 302 422)
4(184 182 422 424)
4(186 184 424 426)
4(188 186 426 428)
4(190 188 428 430)
4(192 190 430 432)
4(194 192 432 434)
4(196 194 434 436)
4(198 196 436 438)
4(200 198 438 440)
4(202 200 440 442)
4(204 202 442 444)
4(206 204 444 446)
4(208 206 446 448)
4(210 208 448 450)
4(212 210 450 452)
4(214 212 452 454)
4(216 214 454 456)
4(218 216 456 458)
4(220 218 458 460)
4(222 220 460 462)
4(224 222 462 464)
4(226 224 464 466)
4(228 226 466 468)
4(230 228 468 470)
4(232 230 470 472)
4(234 232 472 474)
4(236 234 474 476)
4(238 236 476 478)
4(123 238 478 363)
4(240 241 242 243)
4(241 244 245 242)
4(244 246 247 245)
4(246 248 249 247)
4(248 250 251 249)
4(250 252 253 251)
4(252 254 255 253)
4(254 256 257 255)
4(256 258 259 257)
4(258 260 261 259)
4(260 262 263 261)
4(262 264 265 263)
4(264 266 267 265)
4(266 268 269 267)
4(268 270 271 269)
4(270 272 273 271)
4(272 274 275 273)
4(274 276 277 275)
4(276 278 279 277)
4(278 280 281 279)
4(280 282 283 281)
4(282 284 285 283)
4(284 286 287 285)
4(286 288 289 287)
4(288 290 291 289)
4(290 292 293 291)
4(292 294 295 293)
4(294 296 297 295)
4(296 298 299 297)
4(298 300 301 299)
4(302 303 304 305)
4(303 306 307 304)
4(306 308 309 307)
4(308 310 311 309)
4(310 312 313 311)
4(312 314 315 313)
4(314 316 317 315)
4(316 318 319 317)
4(318 320 321 319)
4(320 322 323 321)
4(322 324 325 323)
4(324 326 327 325)
4(326 328 329 327)
4(328 330 331 329)
4(330 332 333 331)
4(332 334 335 333)
4(334 336 337 335)
4(336 338 339 337)
4(338 340 341 339)
4(340 342 343 341)
4(342 344 345 343)
4(344 346 347 345)
4(346 348 349 347)
4(348 350 351 349)
4(350 352 353 351)
4(352 354 355 353)
4(354 356 357 355)
4(356 358 359 357)
4(358 360 361 359)
4(360 240 243 361)
4(362 363 364 365)
4(366 362 365 367)
4(368 366 367 369)
4(370 368 369 371)
4(372 370 371 373)
4(374 372 373 375)
4(376 374 375 377)
4(378 376 377 379)
4(380 378 379 381)
4(382 380 381 383)
4(384 382 383 385)
4(386 384 385 387)
4(388 386 387 389)
4(390 388 389 391)
4(392 390 391 393)
4(394 392 393 395)
4(396 394 395 397)
4(398 396 397 399)
4(400 398 399 401)
4(402 400 401 403)
4(404 402 403 405)
4(406 404 405 407)
4(408 406 407 409)
4(410 408 409 411)
4(412 410 411 413)
4(414 412 413 415)
4(416 414 415 417)
4(418 416 417 419)
4(420 418 419 421)
4(300 420 421 301)
4(422 302 305 423)
4(424 422 423 425)
4(426 424 425 427)
4(428 426 427 429)
4(430 428 429 431)
4(432 430 431 433)
4(434 432 433 435)
4(436 434 435 437)
4(438 436 437 439)
4(440 438 439 441)
4(442 440 441 443)
4(444 442 443 445)
4(446 444 445 447)
4(448 446 447 449)
4(450 448 449 451)
4(452 450 451 453)
4(454 452 453 455)
4(456 454 455 457)
4(458 456 457 459)
4(460 458 459 461)
4(462 460 461 463)
4(464 462 463 465)
4(466 464 465 467)
4(468 466 467 469)
4(470 468 469 471)
4(472 470 471 473)
4(474 472 473 475)
4(476 474 475 477)
4(478 476 477 479)
4(363 478 479 364)
4(0 3 2 1)
4(1 2 5 4)
4(4 5 7 6)
4(6 7 9 8)
4(8 9 11 10)
4(10 11 13 12)
4(12 13 15 14)
4(14 15 17 16)
4(16 17 19 18)
4(18 19 21 20)
4(20 21 23 22)
4(22 23 25 24)
4(24 25 27 26)
4(26 27 29 28)
4(28 29 31 30)
4(30 31 33 32)
4(32 33 35 34)
4(34 35 37 36)
4(36 37 39 38)
4(38 39 41 40)
4(40 41 43 42)
4(42 43 45 44)
4(44 45 47 46)
4(46 47 49 48)
4(48 49 51 50)
4(50 51 53 52)
4(52 53 55 54)
4(54 55 57 56)
4(56 57 59 58)
4(58 59 61 60)
4(62 65 64 63)
4(63 64 67 66)
4(66 67 69 68)
4(68 69 71 70)
4(70 71 73 72)
4(72 73 75 74)
4(74 75 77 76)
4(76 77 79 78)
4(78 79 81 80)
4(80 81 83 82)
4(82 83 85 84)
4(84 85 87 86)
4(86 87 89 88)
4(88 89 91 90)
4(90 91 93 92)
4(92 93 95 94)
4(94 95 97 96)
4(96 97 99 98)
4(98 99 101 100)
4(100 101 103 102)
4(102 103 105 104)
4(104 105 107 106)
4(106 107 109 108)
4(108 109 111 110)
4(110 111 113 112)
4(112 113 115 114)
4(114 115 117 116)
4(116 117 119 118)
4(118 119 121 120)
4(120 121 3 0)
4(122 125 124 123)
4(126 127 125 122)
4(128 129 127 126)
4(130 131 129 128)
4(132 133 131 130)
4(134 135 133 132)
4(136 137 135 134)
4(138 139 137 136)
4(140 141 139 138)
4(142 143 141 140)
4(144 145 143 142)
4(146 147 145 144)
4(148 149 147 146)
4(150 151 149 148)
4(152 153 151 150)
4(154 155 153 152)
4(156 157 155 154)
4(158 159 157 156)
4(160 161 159 158)
4(162 163 161 160)
4(164 165 163 162)
4(166 167 165 164)
4(168 169 167 166)
4(170 171 169 168)
4(172 173 171 170)
4(174 175 173 172)
4(176 177 175 174)
4(178 179 177 176)
4(180 181 179 178)
4(60 61 181 180)
4(182 183 65 62)
4(184 185 183 182)
4(186 187 185 184)
4(188 189 187 186)
4(190 191 189 188)
4(192 193 191 190)
4(194 195 193 192)
4(196 197 195 194)
4(198 199 197 196)
4(200 201 199 198)
4(202 203 201 200)
4(204 205 203 202)
4(206 207 205 204)
4(208 209 207 206)
4(210 211 209 208)
4(212 213 211 210)
4(214 215 213 212)
4(216 217 215 214)
4(218 219 217 216)
4(220 221 219 218)
4(222 223 221 220)
4(224 225 223 222)
4(226 227 225 224)
4(228 229 227 226)
4(230 231 229 228)
4(232 233 231 230)
4(234 235 233 232)
4(236 237 235 234)
4(238 239 237 236)
4(123 124 239 238)
)


// ************************************************************************* //
