/*--------------------------------*- C++ -*----------------------------------*\
| =========                 |                                                 |
| \\      /  F ield         | OpenFOAM: The Open Source CFD Toolbox           |
|  \\    /   O peration     | Version:  v1912                                 |
|   \\  /    A nd           | Website:  www.openfoam.com                      |
|    \\/     M anipulation  |                                                 |
\*---------------------------------------------------------------------------*/
FoamFile
{
    version     2.0;
    format      ascii;
    class       vectorField;
    location    "constant/wallFilmRegion/polyMesh";
    object      points;
}
// * * * * * * * * * * * * * * * * * * * * * * * * * * * * * * * * * * * * * //


480
(
(0.2985600152 0 -0.08118834714)
(0.2772876643 0 -0.07963512158)
(0.2772876643 -0.1 -0.07963512158)
(0.2985600152 -0.1 -0.08118834714)
(0.2571797076 0 -0.0779611025)
(0.2571797076 -0.1 -0.0779611025)
(0.2381750161 0 -0.07617743393)
(0.2381750161 -0.1 -0.07617743393)
(0.2202157917 0 -0.0742935697)
(0.2202157917 -0.1 -0.0742935697)
(0.2032474031 0 -0.07231923889)
(0.2032474031 -0.1 -0.07231923889)
(0.1872182849 0 -0.07026199209)
(0.1872182849 -0.1 -0.07026199209)
(0.1720793804 0 -0.06813068099)
(0.1720793804 -0.1 -0.06813068099)
(0.1577845829 0 -0.0659323932)
(0.1577845829 -0.1 -0.0659323932)
(0.1442904907 0 -0.06367236366)
(0.1442904907 -0.1 -0.06367236366)
(0.1315559376 0 -0.06135632147)
(0.1315559376 -0.1 -0.06135632147)
(0.1195423082 0 -0.05898898657)
(0.1195423082 -0.1 -0.05898898657)
(0.1082133569 0 -0.05657359176)
(0.1082133569 -0.1 -0.05657359176)
(0.09753492122 0 -0.05411284186)
(0.09753492122 -0.1 -0.05411284186)
(0.08747523276 0 -0.05160876949)
(0.08747523276 -0.1 -0.05160876949)
(0.07800496079 0 -0.04906094352)
(0.07800496079 -0.1 -0.04906094352)
(0.06909659097 0 -0.04646966841)
(0.06909659097 -0.1 -0.04646966841)
(0.06072564522 0 -0.04383197286)
(0.06072564522 -0.1 -0.04383197286)
(0.05287002839 0 -0.04114349524)
(0.05287002839 -0.1 -0.04114349524)
(0.04551005418 0 -0.03840007853)
(0.04551005418 -0.1 -0.03840007853)
(0.03863025026 0 -0.03559238826)
(0.03863025026 -0.1 -0.03559238826)
(0.03221844918 0 -0.03271098135)
(0.03221844918 -0.1 -0.03271098135)
(0.02626958507 0 -0.02973887234)
(0.02626958507 -0.1 -0.02973887234)
(0.0207841781 0 -0.02665945366)
(0.0207841781 -0.1 -0.02665945366)
(0.01577494159 0 -0.0234454681)
(0.01577494159 -0.1 -0.0234454681)
(0.01127004547 0 -0.02006447474)
(0.01127004547 -0.1 -0.02006447474)
(0.007329144212 0 -0.01647681277)
(0.007329144212 -0.1 -0.01647681277)
(0.004058141894 0 -0.01264829367)
(0.004058141894 -0.1 -0.01264829367)
(0.001606893041 0 -0.008542447641)
(0.001606893041 -0.1 -0.008542447641)
(0.0002007404906 0 -0.004242607585)
(0.0002007404906 -0.1 -0.004242607585)
(-3.02321283e-05 0 2.392470585e-06)
(-3.02321283e-05 -0.1 2.392470585e-06)
(0.9854493833 0 -0.06728829542)
(0.9630814471 0 -0.07236548306)
(0.9630814471 -0.1 -0.07236548306)
(0.9854493833 -0.1 -0.06728829542)
(0.9402031297 0 -0.07388890222)
(0.9402031297 -0.1 -0.07388890222)
(0.9173166448 0 -0.07532670449)
(0.9173166448 -0.1 -0.07532670449)
(0.8944250691 0 -0.07668105474)
(0.8944250691 -0.1 -0.07668105474)
(0.8715289169 0 -0.07795569324)
(0.8715289169 -0.1 -0.07795569324)
(0.8486285301 0 -0.07915185037)
(0.8486285301 -0.1 -0.07915185037)
(0.8257243086 0 -0.08027217694)
(0.8257243086 -0.1 -0.08027217694)
(0.8028165558 0 -0.08131781993)
(0.8028165558 -0.1 -0.08131781993)
(0.7799055577 0 -0.08228976344)
(0.7799055577 -0.1 -0.08228976344)
(0.7569915554 0 -0.08318808459)
(0.7569915554 -0.1 -0.08318808459)
(0.7340748041 0 -0.08401331097)
(0.7340748041 -0.1 -0.08401331097)
(0.7111554862 0 -0.08476388897)
(0.7111554862 -0.1 -0.08476388897)
(0.6882338463 0 -0.0854398501)
(0.6882338463 -0.1 -0.0854398501)
(0.6653100699 0 -0.08603899404)
(0.6653100699 -0.1 -0.08603899404)
(0.6423843611 0 -0.08655895871)
(0.6423843611 -0.1 -0.08655895871)
(0.6194569266 0 -0.08699627602)
(0.6194569266 -0.1 -0.08699627602)
(0.5965280394 0 -0.0873492724)
(0.5965280394 -0.1 -0.0873492724)
(0.5735979447 0 -0.08761240908)
(0.5735979447 -0.1 -0.08761240908)
(0.5506669652 0 -0.08778171595)
(0.5506669652 -0.1 -0.08778171595)
(0.5277354643 0 -0.08785073182)
(0.5277354643 -0.1 -0.08785073182)
(0.504803889 0 -0.08781440256)
(0.504803889 -0.1 -0.08781440256)
(0.4818727706 0 -0.08766482748)
(0.4818727706 -0.1 -0.08766482748)
(0.4589427667 0 -0.08739380596)
(0.4589427667 -0.1 -0.08739380596)
(0.4360146699 0 -0.08699272434)
(0.4360146699 -0.1 -0.08699272434)
(0.4130894679 0 -0.08645086393)
(0.4130894679 -0.1 -0.08645086393)
(0.3901683209 0 -0.0857583962)
(0.3901683209 -0.1 -0.0857583962)
(0.3672527699 0 -0.08490050253)
(0.3672527699 -0.1 -0.08490050253)
(0.3443445799 0 -0.08386445675)
(0.3443445799 -0.1 -0.08386445675)
(0.3214460648 0 -0.08263302704)
(0.3214460648 -0.1 -0.08263302704)
(0.2778872985 0 0.04041135756)
(0.2985974921 0 0.03910847593)
(0.2985974921 -0.1 0.03910847593)
(0.2778872985 -0.1 0.04041135756)
(0.2582836035 0 0.04144384589)
(0.2582836035 -0.1 0.04144384589)
(0.2397289376 0 0.04222450713)
(0.2397289376 -0.1 0.04222450713)
(0.2221688705 0 0.04276917701)
(0.2221688705 -0.1 0.04276917701)
(0.2055520349 0 0.04309521742)
(0.2055520349 -0.1 0.04309521742)
(0.1898297268 0 0.04321745171)
(0.1898297268 -0.1 0.04321745171)
(0.1749558644 0 0.04315041399)
(0.1749558644 -0.1 0.04315041399)
(0.1608869568 0 0.04290586838)
(0.1608869568 -0.1 0.04290586838)
(0.1475818667 0 0.04249718244)
(0.1475818667 -0.1 0.04249718244)
(0.1350017219 0 0.04193385101)
(0.1350017219 -0.1 0.04193385101)
(0.1231099108 0 0.04122487205)
(0.1231099108 -0.1 0.04122487205)
(0.1118718825 0 0.04037966269)
(0.1118718825 -0.1 0.04037966269)
(0.1012551529 0 0.03940468144)
(0.1012551529 -0.1 0.03940468144)
(0.09122949345 0 0.03830489723)
(0.09122949345 -0.1 0.03830489723)
(0.08176629723 0 0.03708634029)
(0.08176629723 -0.1 0.03708634029)
(0.07283953966 0 0.03574997141)
(0.07283953966 -0.1 0.03574997141)
(0.06442495361 0 0.03429814815)
(0.06442495361 -0.1 0.03429814815)
(0.05650075316 0 0.03272932343)
(0.05650075316 -0.1 0.03272932343)
(0.04904779416 0 0.03104075332)
(0.04904779416 -0.1 0.03104075332)
(0.04204953962 0 0.02922784576)
(0.04204953962 -0.1 0.02922784576)
(0.03549369329 0 0.02728034089)
(0.03549369329 -0.1 0.02728034089)
(0.02937230106 0 0.02518609355)
(0.02937230106 -0.1 0.02518609355)
(0.02368418468 0 0.02292629268)
(0.02368418468 -0.1 0.02292629268)
(0.01843789192 0 0.02047594936)
(0.01843789192 -0.1 0.02047594936)
(0.0136556126 0 0.01780004758)
(0.0136556126 -0.1 0.01780004758)
(0.009387976553 0 0.01485595129)
(0.009387976553 -0.1 0.01485595129)
(0.005727430308 0 0.01159916864)
(0.005727430308 -0.1 0.01159916864)
(0.002807861205 0 0.007981703452)
(0.002807861205 -0.1 0.007981703452)
(0.0008373292568 0 0.004047009723)
(0.0008373292568 -0.1 0.004047009723)
(0.9627732931 0 -0.06245846901)
(0.9627732931 -0.1 -0.06245846901)
(0.9400782653 0 -0.05771842639)
(0.9400782653 -0.1 -0.05771842639)
(0.9173652923 0 -0.05306513128)
(0.9173652923 -0.1 -0.05306513128)
(0.8946356144 0 -0.0484941287)
(0.8946356144 -0.1 -0.0484941287)
(0.87188984 0 -0.04400391526)
(0.87188984 -0.1 -0.04400391526)
(0.8491286851 0 -0.03959231683)
(0.8491286851 -0.1 -0.03959231683)
(0.8263530164 0 -0.03525627713)
(0.8263530164 -0.1 -0.03525627713)
(0.8035630513 0 -0.03099601935)
(0.8035630513 -0.1 -0.03099601935)
(0.780759429 0 -0.02680947309)
(0.780759429 -0.1 -0.02680947309)
(0.7579423506 0 -0.0226969015)
(0.7579423506 -0.1 -0.0226969015)
(0.7351121037 0 -0.01865807178)
(0.7351121037 -0.1 -0.01865807178)
(0.7122687393 0 -0.01469410824)
(0.7122687393 -0.1 -0.01469410824)
(0.6894123376 0 -0.01080602277)
(0.6894123376 -0.1 -0.01080602277)
(0.6665427778 0 -0.006996093851)
(0.6665427778 -0.1 -0.006996093851)
(0.6436600043 0 -0.003266342527)
(0.6436600043 -0.1 -0.003266342527)
(0.6207639326 0 0.0003808775333)
(0.6207639326 -0.1 0.0003808775333)
(0.5978540549 0 0.003940348057)
(0.5978540549 -0.1 0.003940348057)
(0.5749301734 0 0.007408485521)
(0.5749301734 -0.1 0.007408485521)
(0.5519919386 0 0.01078038682)
(0.5519919386 -0.1 0.01078038682)
(0.5290388168 0 0.01404941293)
(0.5290388168 -0.1 0.01404941293)
(0.5060704576 0 0.01720960551)
(0.5060704576 -0.1 0.01720960551)
(0.4830863693 0 0.02025329088)
(0.4830863693 -0.1 0.02025329088)
(0.4600861181 0 0.02317232559)
(0.4600861181 -0.1 0.02317232559)
(0.4370689956 0 0.02595520418)
(0.4370689956 -0.1 0.02595520418)
(0.4140347937 0 0.02859297846)
(0.4140347937 -0.1 0.02859297846)
(0.3909830755 0 0.03107302647)
(0.3909830755 -0.1 0.03107302647)
(0.3679135026 0 0.03338109183)
(0.3679135026 -0.1 0.03338109183)
(0.3448259118 0 0.03550134448)
(0.3448259118 -0.1 0.03550134448)
(0.3217204751 0 0.03741735342)
(0.3217204751 -0.1 0.03741735342)
(0.2988995739 1.846890623e-21 -0.07619989047)
(0.2776771365 -2.098979355e-21 -0.07465031352)
(0.2776771365 -0.1 -0.07465031352)
(0.2988995739 -0.1 -0.07619989047)
(0.2576207338 -4.317745206e-21 -0.07298059089)
(0.2576207338 -0.1 -0.07298059089)
(0.2386694431 -2.218766436e-21 -0.07120193979)
(0.2386694431 -0.1 -0.07120193979)
(0.2207655458 0 -0.06932388456)
(0.2207655458 -0.1 -0.06932388456)
(0.2038545985 2.620719167e-21 -0.06735624446)
(0.2038545985 -0.1 -0.06735624446)
(0.1878850701 2.620722348e-21 -0.06530665179)
(0.1878850701 -0.1 -0.06530665179)
(0.1728079065 0 -0.06318404074)
(0.1728079065 -0.1 -0.06318404074)
(0.158577545 -1.547743876e-21 -0.06099567252)
(0.158577545 -0.1 -0.06099567252)
(0.1451508058 -3.183813189e-21 -0.05874693394)
(0.1451508058 -0.1 -0.05874693394)
(0.1324866417 -1.636070181e-21 -0.0564437061)
(0.1324866417 -0.1 -0.0564437061)
(0.1205469761 0 -0.05409096223)
(0.1205469761 -0.1 -0.05409096223)
(0.1092960803 0 -0.05169222822)
(0.1092960803 -0.1 -0.05169222822)
(0.09870023153 0 -0.04925053254)
(0.09870023153 -0.1 -0.04925053254)
(0.08872865552 0 -0.04676842535)
(0.08872865552 -0.1 -0.04676842535)
(0.07935278245 0 -0.0442460316)
(0.07935278245 -0.1 -0.0442460316)
(0.0705462778 0 -0.0416844403)
(0.0705462778 -0.1 -0.0416844403)
(0.06228659508 0 -0.03908187438)
(0.06228659508 -0.1 -0.03908187438)
(0.05455286125 0 -0.03643519687)
(0.05455286125 -0.1 -0.03643519687)
(0.04732807939 -2.850122689e-21 -0.03374231251)
(0.04732807939 -0.1 -0.03374231251)
(0.0405999359 -2.850220619e-21 -0.03099670131)
(0.0405999359 -0.1 -0.03099670131)
(0.03436099143 0 -0.02819329248)
(0.03436099143 -0.1 -0.02819329248)
(0.0286114048 0 -0.02532119418)
(0.0286114048 -0.1 -0.02532119418)
(0.02335913887 0 -0.02237347921)
(0.02335913887 -0.1 -0.02237347921)
(0.01862755987 0 -0.01933906226)
(0.01862755987 -0.1 -0.01933906226)
(0.01445724768 0 -0.01621197658)
(0.01445724768 -0.1 -0.01621197658)
(0.01091989145 2.106752353e-21 -0.01299736824)
(0.01091989145 -0.1 -0.01299736824)
(0.008119891952 -1.119392517e-22 -0.00973244277)
(0.008119891952 -0.1 -0.00973244277)
(0.006157661291 -4.582833547e-21 -0.006471093414)
(0.006157661291 -0.1 -0.006471093414)
(0.005115229087 -2.046607396e-21 -0.003321846033)
(0.005115229087 -0.1 -0.003321846033)
(0.004954382081 3.140820627e-22 -0.0003895529082)
(0.004954382081 -0.1 -0.0003895529082)
(0.9804494946 -1.700512198e-20 -0.06732166253)
(0.9623597449 0 -0.06741784262)
(0.9623597449 -0.1 -0.06741784262)
(0.9804494946 -0.1 -0.06732166253)
(0.9398802782 -1.846871313e-21 -0.06889933641)
(0.9398802782 -0.1 -0.06889933641)
(0.9170122443 -1.846871137e-21 -0.07033597906)
(0.9170122443 -0.1 -0.07033597906)
(0.8941384567 -9.234354138e-22 -0.07168927616)
(0.8941384567 -0.1 -0.07168927616)
(0.8712595507 -9.234353704e-22 -0.07296295432)
(0.8712595507 -0.1 -0.07296295432)
(0.8483759871 0 -0.07415823224)
(0.8483759871 -0.1 -0.07415823224)
(0.8254881746 0 -0.07527775598)
(0.8254881746 -0.1 -0.07527775598)
(0.8025965985 0 -0.07632266039)
(0.8025965985 -0.1 -0.07632266039)
(0.7797016615 0 -0.07729392254)
(0.7797016615 -0.1 -0.07729392254)
(0.7568036543 9.234351891e-22 -0.07819161652)
(0.7568036543 -0.1 -0.07819161652)
(0.7339030099 9.234352392e-22 -0.07901626317)
(0.7339030099 -0.1 -0.07901626317)
(0.7109999649 0 -0.07976630824)
(0.7109999649 -0.1 -0.07976630824)
(0.6880948343 0 -0.08044178291)
(0.6880948343 -0.1 -0.08044178291)
(0.6651880647 0 -0.08104048279)
(0.6651880647 -0.1 -0.08104048279)
(0.6422799982 0 -0.08156004799)
(0.6422799982 -0.1 -0.08156004799)
(0.6193707666 0 -0.08199701843)
(0.6193707666 -0.1 -0.08199701843)
(0.5964608685 0 -0.08234972361)
(0.5964608685 -0.1 -0.08234972361)
(0.5735507997 0 -0.08261263135)
(0.5735507997 -0.1 -0.08261263135)
(0.5506409832 0 -0.08278178346)
(0.5506409832 -0.1 -0.08278178346)
(0.5277319008 -2.885738972e-23 -0.08285073309)
(0.5277319008 -0.1 -0.08285073309)
(0.5048241563 -1.44286997e-22 -0.08281444364)
(0.5048241563 -0.1 -0.08281444364)
(0.4819186241 -1.154296483e-22 -0.08266503774)
(0.4819186241 -0.1 -0.08266503774)
(0.4590160396 0 -0.08239434288)
(0.4590160396 -0.1 -0.08239434288)
(0.4361174698 0 -0.08199378123)
(0.4361174698 -0.1 -0.08199378123)
(0.4132240349 0 -0.08145267509)
(0.4132240349 -0.1 -0.08145267509)
(0.3903373422 0 -0.08076125384)
(0.3903373422 -0.1 -0.08076125384)
(0.3674592484 0 -0.07990476769)
(0.3674592484 -0.1 -0.07990476769)
(0.344591782 0 -0.07887057138)
(0.344591782 -0.1 -0.07887057138)
(0.3217378171 1.846888277e-21 -0.07764154624)
(0.3217378171 -0.1 -0.07764154624)
(0.2775988418 -1.020479078e-21 0.03541968522)
(0.2982581696 -1.020479002e-21 0.03412000319)
(0.2982581696 -0.1 0.03412000319)
(0.2775988418 -0.1 0.03541968522)
(0.2580470213 -5.701369558e-22 0.03644944614)
(0.2580470213 -0.1 0.03644944614)
(0.2395463373 -5.701376805e-22 0.03722784253)
(0.2395463373 -0.1 0.03722784253)
(0.2220423186 3.185337515e-22 0.0377707788)
(0.2220423186 -0.1 0.0377707788)
(0.2054835546 1.501782056e-22 0.0380956864)
(0.2054835546 -0.1 0.0380956864)
(0.1898215584 -7.937456091e-23 0.03821745838)
(0.1898215584 -0.1 0.03821745838)
(0.1750105815 8.898179358e-23 0.0381507134)
(0.1750105815 -0.1 0.0381507134)
(0.161007163 3.977107771e-22 0.03790731354)
(0.161007163 -0.1 0.03790731354)
(0.1477704629 -2.269569468e-23 0.03750074056)
(0.1477704629 -0.1 0.03750074056)
(0.135262349 4.683907748e-22 0.03694064828)
(0.135262349 -0.1 0.03694064828)
(0.1234461993 8.888017952e-22 0.03623619387)
(0.1234461993 -0.1 0.03623619387)
(0.1122880156 -9.931405416e-22 0.03539700945)
(0.1122880156 -0.1 0.03539700945)
(0.1017564036 -9.931455223e-22 0.03442987011)
(0.1017564036 -0.1 0.03442987011)
(0.09182141053 0 0.03334005744)
(0.09182141053 -0.1 0.03334005744)
(0.08245575215 0 0.03213410323)
(0.08245575215 -0.1 0.03213410323)
(0.07363478448 -1.240036796e-21 0.03081361793)
(0.07363478448 -0.1 0.03081361793)
(0.06533560692 -1.240053811e-21 0.02938177646)
(0.06533560692 -0.1 0.02938177646)
(0.05753878263 1.385646459e-21 0.02783826068)
(0.05753878263 -0.1 0.02783826068)
(0.05022727574 1.385679892e-21 0.02618186217)
(0.05022727574 -0.1 0.02618186217)
(0.04338859357 0 0.02441048813)
(0.04338859357 -0.1 0.02441048813)
(0.03701517189 1.636874363e-21 0.02251745281)
(0.03701517189 -0.1 0.02251745281)
(0.03110509573 1.63701433e-21 0.02049595255)
(0.03110509573 -0.1 0.02049595255)
(0.02566602491 0 0.01833583417)
(0.02566602491 -0.1 0.01833583417)
(0.02071812042 0 0.01602616757)
(0.02071812042 -0.1 0.01602616757)
(0.01629889533 -2.044417516e-21 0.01355586846)
(0.01629889533 -0.1 0.01355586846)
(0.01247521262 -2.04605272e-21 0.0109228897)
(0.01247521262 -0.1 0.0109228897)
(0.009346883453 0 0.008149594908)
(0.009346883453 -0.1 0.008149594908)
(0.007012860158 0 0.005276526229)
(0.007012860158 -0.1 0.005276526229)
(0.005554766939 0 0.002389969677)
(0.005554766939 -0.1 0.002389969677)
(0.9617413766 -3.306300002e-30 -0.06735082511)
(0.9617413766 -0.1 -0.06735082511)
(0.9390653842 3.653413395e-21 -0.06261475889)
(0.9390653842 -0.1 -0.06261475889)
(0.916370639 3.653412613e-21 -0.05796519911)
(0.916370639 -0.1 -0.05796519911)
(0.8936585462 3.653412388e-21 -0.05339773326)
(0.8936585462 -0.1 -0.05339773326)
(0.8709299604 0 -0.04891091343)
(0.8709299604 -0.1 -0.04891091343)
(0.8481854301 -3.653411642e-21 -0.0445025378)
(0.8481854301 -0.1 -0.0445025378)
(0.8254260804 6.593031182e-29 -0.04016960488)
(0.8254260804 -0.1 -0.04016960488)
(0.8026522352 3.653411453e-21 -0.03591236088)
(0.8026522352 -0.1 -0.03591236088)
(0.7798645378 0 -0.03172873826)
(0.7798645378 -0.1 -0.03172873826)
(0.7570633877 0 -0.02761903764)
(0.7570633877 -0.1 -0.02761903764)
(0.7342491651 3.653411592e-21 -0.02358304254)
(0.7342491651 -0.1 -0.02358304254)
(0.7114220554 3.653411719e-21 -0.01962189946)
(0.7114220554 -0.1 -0.01962189946)
(0.6885822631 -3.653411953e-21 -0.01573663899)
(0.6885822631 -0.1 -0.01573663899)
(0.6657297764 -7.306824302e-21 -0.01192955397)
(0.6657297764 -0.1 -0.01192955397)
(0.6428645477 -3.653412403e-21 -0.008202661877)
(0.6428645477 -0.1 -0.008202661877)
(0.6199868371 0 -0.004558365586)
(0.6199868371 -0.1 -0.004558365586)
(0.5970962697 0 -0.001001894513)
(0.5970962697 -0.1 -0.001001894513)
(0.5741926136 -3.653414625e-21 0.00246318416)
(0.5741926136 -0.1 0.00246318416)
(0.5512758487 -3.653415761e-21 0.005831930972)
(0.5512758487 -0.1 0.005831930972)
(0.5283455552 0 0.009097707326)
(0.5283455552 -0.1 0.009097707326)
(0.5054014942 -3.653418319e-21 0.01225455879)
(0.5054014942 -0.1 0.01225455879)
(0.4824434096 -3.653419999e-21 0.01529480292)
(0.4824434096 -0.1 0.01529480292)
(0.4594712808 0 0.01821027208)
(0.4594712808 -0.1 0.01821027208)
(0.4364844862 1.826712399e-21 0.02098948683)
(0.4364844862 -0.1 0.02098948683)
(0.4134829381 6.75961174e-29 0.02362352624)
(0.4134829381 -0.1 0.02362352624)
(0.3904667719 -1.826715964e-21 0.02609975485)
(0.3904667719 -0.1 0.02609975485)
(0.3674359952 1.826718436e-21 0.02840394539)
(0.3674359952 -0.1 0.02840394539)
(0.3443906793 1.82672117e-21 0.03052032323)
(0.3443906793 -0.1 0.03052032323)
(0.3213315152 0 0.03243250536)
(0.3213315152 -0.1 0.03243250536)
)


// ************************************************************************* //
