/*--------------------------------*- C++ -*----------------------------------*\
| =========                 |                                                 |
| \\      /  F ield         | OpenFOAM: The Open Source CFD Toolbox           |
|  \\    /   O peration     | Version:  v1912                                 |
|   \\  /    A nd           | Website:  www.openfoam.com                      |
|    \\/     M anipulation  |                                                 |
\*---------------------------------------------------------------------------*/
FoamFile
{
    version     2.0;
    format      ascii;
    class       faceList;
    location    "0.001/wallFilmRegion/polyMesh";
    object      faces;
}
// * * * * * * * * * * * * * * * * * * * * * * * * * * * * * * * * * * * * * //


301
(
4(1 2 124 123)
4(3 0 122 125)
4(4 5 127 126)
4(6 7 129 128)
4(8 9 131 130)
4(10 11 133 132)
4(12 13 135 134)
4(14 15 137 136)
4(16 17 139 138)
4(18 19 141 140)
4(20 21 143 142)
4(22 23 145 144)
4(24 25 147 146)
4(26 27 149 148)
4(28 29 151 150)
4(30 31 153 152)
4(32 33 155 154)
4(34 35 157 156)
4(36 37 159 158)
4(38 39 161 160)
4(40 41 163 162)
4(42 43 165 164)
4(44 45 167 166)
4(46 47 169 168)
4(48 49 171 170)
4(50 51 173 172)
4(52 53 175 174)
4(54 55 177 176)
4(56 57 179 178)
4(58 59 181 180)
4(64 65 187 186)
4(62 63 185 184)
4(66 67 189 188)
4(68 69 191 190)
4(70 71 193 192)
4(72 73 195 194)
4(74 75 197 196)
4(76 77 199 198)
4(78 79 201 200)
4(80 81 203 202)
4(82 83 205 204)
4(84 85 207 206)
4(86 87 209 208)
4(88 89 211 210)
4(90 91 213 212)
4(95 94 216 217)
4(97 96 218 219)
4(99 98 220 221)
4(101 100 222 223)
4(103 102 224 225)
4(105 104 226 227)
4(107 106 228 229)
4(109 108 230 231)
4(111 110 232 233)
4(113 112 234 235)
4(115 114 236 237)
4(117 116 238 239)
4(119 118 240 241)
4(121 120 242 243)
4(0 1 123 122)
4(1 4 126 123)
4(4 6 128 126)
4(6 8 130 128)
4(8 10 132 130)
4(10 12 134 132)
4(12 14 136 134)
4(14 16 138 136)
4(16 18 140 138)
4(18 20 142 140)
4(20 22 144 142)
4(22 24 146 144)
4(24 26 148 146)
4(26 28 150 148)
4(28 30 152 150)
4(30 32 154 152)
4(32 34 156 154)
4(34 36 158 156)
4(36 38 160 158)
4(38 40 162 160)
4(40 42 164 162)
4(42 44 166 164)
4(44 46 168 166)
4(46 48 170 168)
4(48 50 172 170)
4(50 52 174 172)
4(52 54 176 174)
4(54 56 178 176)
4(56 58 180 178)
4(58 60 182 180)
4(65 62 184 187)
4(67 65 187 189)
4(69 67 189 191)
4(71 69 191 193)
4(73 71 193 195)
4(75 73 195 197)
4(77 75 197 199)
4(79 77 199 201)
4(81 79 201 203)
4(83 81 203 205)
4(85 83 205 207)
4(87 85 207 209)
4(89 87 209 211)
4(91 89 211 213)
4(93 91 213 215)
4(94 0 122 216)
4(96 94 216 218)
4(98 96 218 220)
4(100 98 220 222)
4(102 100 222 224)
4(104 102 224 226)
4(106 104 226 228)
4(108 106 228 230)
4(110 108 230 232)
4(112 110 232 234)
4(114 112 234 236)
4(116 114 236 238)
4(118 116 238 240)
4(120 118 240 242)
4(62 120 242 184)
4(2 3 125 124)
4(5 2 124 127)
4(7 5 127 129)
4(9 7 129 131)
4(11 9 131 133)
4(13 11 133 135)
4(15 13 135 137)
4(17 15 137 139)
4(19 17 139 141)
4(21 19 141 143)
4(23 21 143 145)
4(25 23 145 147)
4(27 25 147 149)
4(29 27 149 151)
4(31 29 151 153)
4(33 31 153 155)
4(35 33 155 157)
4(37 35 157 159)
4(39 37 159 161)
4(41 39 161 163)
4(43 41 163 165)
4(45 43 165 167)
4(47 45 167 169)
4(49 47 169 171)
4(51 49 171 173)
4(53 51 173 175)
4(55 53 175 177)
4(57 55 177 179)
4(59 57 179 181)
4(61 59 181 183)
4(63 64 186 185)
4(64 66 188 186)
4(66 68 190 188)
4(68 70 192 190)
4(70 72 194 192)
4(72 74 196 194)
4(74 76 198 196)
4(76 78 200 198)
4(78 80 202 200)
4(80 82 204 202)
4(82 84 206 204)
4(84 86 208 206)
4(86 88 210 208)
4(88 90 212 210)
4(90 92 214 212)
4(3 95 217 125)
4(95 97 219 217)
4(97 99 221 219)
4(99 101 223 221)
4(101 103 225 223)
4(103 105 227 225)
4(105 107 229 227)
4(107 109 231 229)
4(109 111 233 231)
4(111 113 235 233)
4(113 115 237 235)
4(115 117 239 237)
4(117 119 241 239)
4(119 121 243 241)
4(121 63 185 243)
4(60 61 183 182)
4(92 93 215 214)
4(122 123 124 125)
4(123 126 127 124)
4(126 128 129 127)
4(128 130 131 129)
4(130 132 133 131)
4(132 134 135 133)
4(134 136 137 135)
4(136 138 139 137)
4(138 140 141 139)
4(140 142 143 141)
4(142 144 145 143)
4(144 146 147 145)
4(146 148 149 147)
4(148 150 151 149)
4(150 152 153 151)
4(154 155 153 152)
4(156 157 155 154)
4(158 159 157 156)
4(160 161 159 158)
4(162 163 161 160)
4(164 165 163 162)
4(166 167 165 164)
4(168 169 167 166)
4(170 171 169 168)
4(172 173 171 170)
4(174 175 173 172)
4(176 177 175 174)
4(178 179 177 176)
4(180 181 179 178)
4(182 183 181 180)
4(184 185 186 187)
4(187 186 188 189)
4(189 188 190 191)
4(191 190 192 193)
4(193 192 194 195)
4(195 194 196 197)
4(197 196 198 199)
4(199 198 200 201)
4(201 200 202 203)
4(203 202 204 205)
4(205 204 206 207)
4(207 206 208 209)
4(209 208 210 211)
4(211 210 212 213)
4(213 212 214 215)
4(216 122 125 217)
4(218 216 217 219)
4(220 218 219 221)
4(222 220 221 223)
4(224 222 223 225)
4(226 224 225 227)
4(228 226 227 229)
4(230 228 229 231)
4(232 230 231 233)
4(234 232 233 235)
4(236 234 235 237)
4(238 236 237 239)
4(240 238 239 241)
4(242 240 241 243)
4(184 242 243 185)
4(0 3 2 1)
4(1 2 5 4)
4(4 5 7 6)
4(6 7 9 8)
4(8 9 11 10)
4(10 11 13 12)
4(12 13 15 14)
4(14 15 17 16)
4(16 17 19 18)
4(18 19 21 20)
4(20 21 23 22)
4(22 23 25 24)
4(24 25 27 26)
4(26 27 29 28)
4(28 29 31 30)
4(32 30 31 33)
4(34 32 33 35)
4(36 34 35 37)
4(38 36 37 39)
4(40 38 39 41)
4(42 40 41 43)
4(44 42 43 45)
4(46 44 45 47)
4(48 46 47 49)
4(50 48 49 51)
4(52 50 51 53)
4(54 52 53 55)
4(56 54 55 57)
4(58 56 57 59)
4(60 58 59 61)
4(62 65 64 63)
4(65 67 66 64)
4(67 69 68 66)
4(69 71 70 68)
4(71 73 72 70)
4(73 75 74 72)
4(75 77 76 74)
4(77 79 78 76)
4(79 81 80 78)
4(81 83 82 80)
4(83 85 84 82)
4(85 87 86 84)
4(87 89 88 86)
4(89 91 90 88)
4(91 93 92 90)
4(94 95 3 0)
4(96 97 95 94)
4(98 99 97 96)
4(100 101 99 98)
4(102 103 101 100)
4(104 105 103 102)
4(106 107 105 104)
4(108 109 107 106)
4(110 111 109 108)
4(112 113 111 110)
4(114 115 113 112)
4(116 117 115 114)
4(118 119 117 116)
4(120 121 119 118)
4(62 63 121 120)
)


// ************************************************************************* //
