/*--------------------------------*- C++ -*----------------------------------*\
| =========                 |                                                 |
| \\      /  F ield         | OpenFOAM: The Open Source CFD Toolbox           |
|  \\    /   O peration     | Version:  v1912                                 |
|   \\  /    A nd           | Website:  www.openfoam.com                      |
|    \\/     M anipulation  |                                                 |
\*---------------------------------------------------------------------------*/
FoamFile
{
    version     2.0;
    format      ascii;
    class       vectorField;
    location    "constant/wallFilmRegion/polyMesh";
    object      points;
}
// * * * * * * * * * * * * * * * * * * * * * * * * * * * * * * * * * * * * * //


480
(
(0.2985600152428469 0 -0.08118834714097023)
(0.2772876642751908 0 -0.0796351215752758)
(0.2772876642751908 -0.1 -0.0796351215752758)
(0.2985600152428469 -0.1 -0.08118834714097023)
(0.2571797075668816 0 -0.07796110249558076)
(0.2571797075668816 -0.1 -0.07796110249558076)
(0.2381750160796332 0 -0.07617743392740353)
(0.2381750160796332 -0.1 -0.07617743392740353)
(0.2202157917352194 0 -0.07429356970263223)
(0.2202157917352194 -0.1 -0.07429356970263223)
(0.2032474030792251 0 -0.0723192388900472)
(0.2032474030792251 -0.1 -0.0723192388900472)
(0.1872182848899848 0 -0.07026199209255019)
(0.1872182848899848 -0.1 -0.07026199209255019)
(0.1720793804162942 0 -0.06813068098527658)
(0.1720793804162942 -0.1 -0.06813068098527658)
(0.1577845828996354 0 -0.06593239319719113)
(0.1577845828996354 -0.1 -0.06593239319719113)
(0.1442904906624772 0 -0.06367236366105476)
(0.1442904906624772 -0.1 -0.06367236366105476)
(0.1315559376166908 0 -0.06135632147316602)
(0.1315559376166908 -0.1 -0.06135632147316602)
(0.1195423082124529 0 -0.05898898656729312)
(0.1195423082124529 -0.1 -0.05898898656729312)
(0.1082133568991548 0 -0.05657359175565881)
(0.1082133568991548 -0.1 -0.05657359175565881)
(0.09753492122367109 0 -0.05411284186493139)
(0.09753492122367109 -0.1 -0.05411284186493139)
(0.08747523276115921 0 -0.05160876949172181)
(0.08747523276115921 -0.1 -0.05160876949172181)
(0.07800496078808627 0 -0.0490609435236418)
(0.07800496078808627 -0.1 -0.0490609435236418)
(0.06909659096571891 0 -0.04646966841468982)
(0.06909659096571891 -0.1 -0.04646966841468982)
(0.06072564521770885 0 -0.04383197286352926)
(0.06072564521770885 -0.1 -0.04383197286352926)
(0.05287002838756384 0 -0.04114349523540879)
(0.05287002838756384 -0.1 -0.04114349523540879)
(0.04551005417847671 0 -0.03840007852770804)
(0.04551005417847671 -0.1 -0.03840007852770804)
(0.03863025025747038 0 -0.03559238825551928)
(0.03863025025747038 -0.1 -0.03559238825551928)
(0.03221844918085991 0 -0.03271098134735679)
(0.03221844918085991 -0.1 -0.03271098134735679)
(0.02626958507365096 0 -0.02973887234163326)
(0.02626958507365096 -0.1 -0.02973887234163326)
(0.02078417810075206 0 -0.02665945365995471)
(0.02078417810075206 -0.1 -0.02665945365995471)
(0.01577494159131103 0 -0.02344546810482247)
(0.01577494159131103 -0.1 -0.02344546810482247)
(0.01127004547279726 0 -0.02006447473597702)
(0.01127004547279726 -0.1 -0.02006447473597702)
(0.007329144211720876 0 -0.01647681276581146)
(0.007329144211720876 -0.1 -0.01647681276581146)
(0.004058141894175374 0 -0.01264829366623812)
(0.004058141894175374 -0.1 -0.01264829366623812)
(0.0016068930409194 0 -0.008542447640569838)
(0.0016068930409194 -0.1 -0.008542447640569838)
(0.0002007404905869053 0 -0.004242607584672655)
(0.0002007404905869053 -0.1 -0.004242607584672655)
(-3.023212830152904e-05 0 2.392470585013712e-06)
(-3.023212830152904e-05 -0.1 2.392470585013712e-06)
(0.9854493833198708 0 -0.0672882954177863)
(0.9630814470932195 0 -0.07236548305947355)
(0.9630814470932195 -0.1 -0.07236548305947355)
(0.9854493833198708 -0.1 -0.0672882954177863)
(0.9402031297229652 0 -0.07388890222219407)
(0.9402031297229652 -0.1 -0.07388890222219407)
(0.9173166448197393 0 -0.07532670449104976)
(0.9173166448197393 -0.1 -0.07532670449104976)
(0.8944250691429702 0 -0.07668105474167888)
(0.8944250691429702 -0.1 -0.07668105474167888)
(0.8715289168519297 0 -0.07795569324167397)
(0.8715289168519297 -0.1 -0.07795569324167397)
(0.8486285300862068 0 -0.07915185036735978)
(0.8486285300862068 -0.1 -0.07915185036735978)
(0.8257243085860931 0 -0.08027217693657891)
(0.8257243085860931 -0.1 -0.08027217693657891)
(0.8028165557503218 0 -0.08131781993462166)
(0.8028165557503218 -0.1 -0.08131781993462166)
(0.7799055577185541 0 -0.08228976344169715)
(0.7799055577185541 -0.1 -0.08228976344169715)
(0.7569915554111643 0 -0.0831880845894542)
(0.7569915554111643 -0.1 -0.0831880845894542)
(0.7340748040626238 0 -0.08401331096813561)
(0.7340748040626238 -0.1 -0.08401331096813561)
(0.7111554862214224 0 -0.08476388896542832)
(0.7111554862214224 -0.1 -0.08476388896542832)
(0.6882338462890573 0 -0.08543985009611174)
(0.6882338462890573 -0.1 -0.08543985009611174)
(0.6653100699236301 0 -0.08603899403568821)
(0.6653100699236301 -0.1 -0.08603899403568821)
(0.6423843611171343 0 -0.08655895871118033)
(0.6423843611171343 -0.1 -0.08655895871118033)
(0.6194569266252892 0 -0.08699627601726014)
(0.6194569266252892 -0.1 -0.08699627601726014)
(0.596528039380599 0 -0.08734927239810768)
(0.596528039380599 -0.1 -0.08734927239810768)
(0.5735979447287211 0 -0.08761240908204943)
(0.5735979447287211 -0.1 -0.08761240908204943)
(0.5506669652302099 0 -0.08778171594706366)
(0.5506669652302099 -0.1 -0.08778171594706366)
(0.5277354643406099 0 -0.0878507318217812)
(0.5277354643406099 -0.1 -0.0878507318217812)
(0.5048038890460452 0 -0.08781440255758537)
(0.5048038890460452 -0.1 -0.08781440255758537)
(0.4818727705565309 0 -0.08766482748162033)
(0.4818727705565309 -0.1 -0.08766482748162033)
(0.4589427666625803 0 -0.08739380596426211)
(0.4589427666625803 -0.1 -0.08739380596426211)
(0.4360146699404531 0 -0.08699272433619432)
(0.4360146699404531 -0.1 -0.08699272433619432)
(0.4130894679338055 0 -0.08645086392960336)
(0.4130894679338055 -0.1 -0.08645086392960336)
(0.3901683209105923 0 -0.08575839620114127)
(0.3901683209105923 -0.1 -0.08575839620114127)
(0.3672527698598468 0 -0.08490050252907781)
(0.3672527698598468 -0.1 -0.08490050252907781)
(0.3443445798852574 0 -0.08386445674632662)
(0.3443445798852574 -0.1 -0.08386445674632662)
(0.3214460647812084 0 -0.08263302703614352)
(0.3214460647812084 -0.1 -0.08263302703614352)
(0.2778872984617319 0 0.04041135755568193)
(0.2985974920901087 0 0.039108475925576)
(0.2985974920901087 -0.1 0.039108475925576)
(0.2778872984617319 -0.1 0.04041135755568193)
(0.2582836035086377 0 0.04144384589499599)
(0.2582836035086377 -0.1 0.04144384589499599)
(0.2397289375937968 0 0.04222450713283282)
(0.2397289375937968 -0.1 0.04222450713283282)
(0.2221688704783728 0 0.04276917700704011)
(0.2221688704783728 -0.1 0.04276917700704011)
(0.205552034923014 0 0.04309521741857003)
(0.205552034923014 -0.1 0.04309521741857003)
(0.1898297267869393 0 0.04321745170610915)
(0.1898297267869393 -0.1 0.04321745170610915)
(0.1749558643835943 0 0.0431504139934128)
(0.1749558643835943 -0.1 0.0431504139934128)
(0.1608869567716387 0 0.04290586838004445)
(0.1608869567716387 -0.1 0.04290586838004445)
(0.1475818666587587 0 0.04249718243567881)
(0.1475818666587587 -0.1 0.04249718243567881)
(0.1350017219340116 0 0.04193385101469574)
(0.1350017219340116 -0.1 0.04193385101469574)
(0.1231099108152749 0 0.04122487205086459)
(0.1231099108152749 -0.1 0.04122487205086459)
(0.1118718824676924 0 0.04037966268569172)
(0.1118718824676924 -0.1 0.04037966268569172)
(0.1012551528792425 0 0.03940468143558129)
(0.1012551528792425 -0.1 0.03940468143558129)
(0.09122949345476603 0 0.03830489722920703)
(0.09122949345476603 -0.1 0.03830489722920703)
(0.08176629722856353 0 0.03708634028667637)
(0.08176629722856353 -0.1 0.03708634028667637)
(0.07283953966232252 0 0.03574997140538345)
(0.07283953966232252 -0.1 0.03574997140538345)
(0.06442495361214669 0 0.0342981481492203)
(0.06442495361214669 -0.1 0.0342981481492203)
(0.05650075316009263 0 0.03272932342621949)
(0.05650075316009263 -0.1 0.03272932342621949)
(0.04904779415999221 0 0.03104075332229699)
(0.04904779415999221 -0.1 0.03104075332229699)
(0.04204953962028633 0 0.02922784576169979)
(0.04204953962028633 -0.1 0.02922784576169979)
(0.03549369329429491 0 0.02728034088765965)
(0.03549369329429491 -0.1 0.02728034088765965)
(0.02937230105987223 0 0.02518609354627405)
(0.02937230105987223 -0.1 0.02518609354627405)
(0.02368418468112807 0 0.02292629268371152)
(0.02368418468112807 -0.1 0.02292629268371152)
(0.01843789192183698 0 0.02047594936442267)
(0.01843789192183698 -0.1 0.02047594936442267)
(0.01365561259657229 0 0.01780004757541108)
(0.01365561259657229 -0.1 0.01780004757541108)
(0.009387976553038392 0 0.01485595129159404)
(0.009387976553038392 -0.1 0.01485595129159404)
(0.005727430308290293 0 0.01159916864376019)
(0.005727430308290293 -0.1 0.01159916864376019)
(0.002807861205167454 0 0.007981703451665486)
(0.002807861205167454 -0.1 0.007981703451665486)
(0.0008373292568408849 0 0.004047009722536326)
(0.0008373292568408849 -0.1 0.004047009722536326)
(0.9627732930813399 0 -0.0624584690115367)
(0.9627732930813399 -0.1 -0.0624584690115367)
(0.9400782652984851 0 -0.05771842639326513)
(0.9400782652984851 -0.1 -0.05771842639326513)
(0.9173652922628978 0 -0.05306513128390706)
(0.9173652922628978 -0.1 -0.05306513128390706)
(0.8946356144400976 0 -0.04849412870075417)
(0.8946356144400976 -0.1 -0.04849412870075417)
(0.8718898400230567 0 -0.04400391526120015)
(0.8718898400230567 -0.1 -0.04400391526120015)
(0.8491286850500713 0 -0.03959231683170658)
(0.8491286850500713 -0.1 -0.03959231683170658)
(0.8263530164229073 0 -0.035256277125855)
(0.8263530164229073 -0.1 -0.035256277125855)
(0.8035630512739738 0 -0.03099601935128981)
(0.8035630512739738 -0.1 -0.03099601935128981)
(0.7807594289961509 0 -0.0268094730915056)
(0.7807594289961509 -0.1 -0.0268094730915056)
(0.7579423506167218 0 -0.02269690150144204)
(0.7579423506167218 -0.1 -0.02269690150144204)
(0.7351121037000964 0 -0.01865807178249698)
(0.7351121037000964 -0.1 -0.01865807178249698)
(0.7122687392556827 0 -0.01469410823633408)
(0.7122687392556827 -0.1 -0.01469410823633408)
(0.6894123375990436 0 -0.01080602276942705)
(0.6894123375990436 -0.1 -0.01080602276942705)
(0.666542777807412 0 -0.006996093850869103)
(0.666542777807412 -0.1 -0.006996093850869103)
(0.6436600043358244 0 -0.003266342527309127)
(0.6436600043358244 -0.1 -0.003266342527309127)
(0.6207639326289144 0 0.0003808775332646772)
(0.6207639326289144 -0.1 0.0003808775332646772)
(0.5978540549443981 0 0.003940348057485559)
(0.5978540549443981 -0.1 0.003940348057485559)
(0.5749301733762332 0 0.007408485520545564)
(0.5749301733762332 -0.1 0.007408485520545564)
(0.5519919386270447 0 0.01078038682177432)
(0.5519919386270447 -0.1 0.01078038682177432)
(0.5290388168473217 0 0.01404941293487215)
(0.5290388168473217 -0.1 0.01404941293487215)
(0.5060704576396083 0 0.01720960550813566)
(0.5060704576396083 -0.1 0.01720960550813566)
(0.4830863693283899 0 0.02025329087597937)
(0.4830863693283899 -0.1 0.02025329087597937)
(0.4600861181280338 0 0.02317232558656081)
(0.4600861181280338 -0.1 0.02317232558656081)
(0.4370689956424041 0 0.02595520417563507)
(0.4370689956424041 -0.1 0.02595520417563507)
(0.4140347937254973 0 0.02859297845939867)
(0.4140347937254973 -0.1 0.02859297845939867)
(0.3909830754835968 0 0.03107302647205129)
(0.3909830754835968 -0.1 0.03107302647205129)
(0.3679135025532793 0 0.03338109182715658)
(0.3679135025532793 -0.1 0.03338109182715658)
(0.3448259118029405 0 0.03550134447711258)
(0.3448259118029405 -0.1 0.03550134447711258)
(0.3217204750845136 0 0.03741735341960757)
(0.3217204750845136 -0.1 0.03741735341960757)
(0.2988995739198994 0 -0.07619989047534324)
(0.2776771364921526 0 -0.07465031351555927)
(0.2776771364921526 -0.1 -0.07465031351555927)
(0.2988995739198994 -0.1 -0.07619989047534324)
(0.2576207337522028 0 -0.07298059088492659)
(0.2576207337522028 -0.1 -0.07298059088492659)
(0.2386694430400861 0 -0.07120193978302176)
(0.2386694430400861 -0.1 -0.07120193978302176)
(0.2207655458604268 0 -0.0693238845615174)
(0.2207655458604268 -0.1 -0.0693238845615174)
(0.2038545985275241 2.620719168403005e-21 -0.06735624446253019)
(0.2038545985275241 -0.1 -0.06735624446253019)
(0.1878850701166366 2.620722349471598e-21 -0.0653066517953033)
(0.1878850701166366 -0.1 -0.0653066517953033)
(0.1728079064954235 0 -0.06318404073637748)
(0.1728079064954235 -0.1 -0.06318404073637748)
(0.158577545036489 -1.547743872180197e-21 -0.0609956725195027)
(0.158577545036489 -0.1 -0.0609956725195027)
(0.1451508057513256 -1.547747074400572e-21 -0.05874693393889856)
(0.1451508057513256 -0.1 -0.05874693393889856)
(0.1324866417508906 1.7294397473263e-21 -0.05644370609899073)
(0.1324866417508906 -0.1 -0.05644370609899073)
(0.1205469761026208 1.729445236142807e-21 -0.05409096222777974)
(0.1205469761026208 -0.1 -0.05409096222777974)
(0.1092960803161075 0 -0.05169222821640237)
(0.1092960803161075 -0.1 -0.05169222821640237)
(0.09870023153113675 0 -0.04925053254863792)
(0.09870023153113675 -0.1 -0.04925053254863792)
(0.08872865552436685 0 -0.04676842535347369)
(0.08872865552436685 -0.1 -0.04676842535347369)
(0.07935278245075765 0 -0.04424603160693618)
(0.07935278245075765 -0.1 -0.04424603160693618)
(0.07054627779704593 0 -0.04168444030193731)
(0.07054627779704593 -0.1 -0.04168444030193731)
(0.0622865950780887 2.550595280598019e-21 -0.03908187438735215)
(0.0622865950780887 -0.1 -0.03908187438735215)
(0.0545528612532495 -1.455687876411585e-22 -0.03643519686485407)
(0.0545528612532495 -0.1 -0.03643519686485407)
(0.04732807938886903 1.538459054723998e-22 -0.03374231250370276)
(0.04732807938886903 -0.1 -0.03374231250370276)
(0.04059993589305899 2.850220618235194e-21 -0.03099670131046352)
(0.04059993589305899 -0.1 -0.03099670131046352)
(0.03436099142962803 0 -0.02819329247889278)
(0.03436099142962803 -0.1 -0.02819329247889278)
(0.02861140480305218 3.367205974994394e-21 -0.02532119417827785)
(0.02861140480305218 -0.1 -0.02532119417827785)
(0.02335913887286772 3.367688951178161e-21 -0.02237347920575348)
(0.02335913887286772 -0.1 -0.02237347920575348)
(0.01862755987643255 0 -0.01933906226523594)
(0.01862755987643255 -0.1 -0.01933906226523594)
(0.01445724768546484 0 -0.01621197657821407)
(0.01445724768546484 -0.1 -0.01621197657821407)
(0.01091989145226474 0 -0.01299736823334272)
(0.01091989145226474 -0.1 -0.01299736823334272)
(0.008119891951255016 4.444146922410978e-21 -0.00973244276576095)
(0.008119891951255016 -0.1 -0.00973244276576095)
(0.00615766129053577 5.633257083526097e-21 -0.006471093412466022)
(0.00615766129053577 -0.1 -0.006471093412466022)
(0.005115229087041167 8.663037709532353e-22 -0.003321846032846661)
(0.005115229087041167 -0.1 -0.003321846032846661)
(0.004954382081446863 -1.605234560802687e-21 -0.0003895529082299703)
(0.004954382081446863 -0.1 -0.0003895529082299703)
(0.9804494946575381 -1.718885260044126e-20 -0.06732166253149283)
(0.9623597448788471 -3.704245478646737e-21 -0.0674178426204592)
(0.9623597448788471 -0.1 -0.0674178426204592)
(0.9804494946575381 -0.1 -0.06732166253149283)
(0.9398802782510952 0 -0.06889933641672448)
(0.9398802782510952 -0.1 -0.06889933641672448)
(0.9170122442747796 0 -0.07033597906199356)
(0.9170122442747796 -0.1 -0.07033597906199356)
(0.8941384567623064 0 -0.07168927616653653)
(0.8941384567623064 -0.1 -0.07168927616653653)
(0.8712595507005 0 -0.07296295432636266)
(0.8712595507005 -0.1 -0.07296295432636266)
(0.8483759870472174 0 -0.07415823223884234)
(0.8483759870472174 -0.1 -0.07415823223884234)
(0.8254881746065198 0 -0.07527775597477655)
(0.8254881746065198 -0.1 -0.07527775597477655)
(0.8025965984995728 0 -0.07632266039684482)
(0.8025965984995728 -0.1 -0.07632266039684482)
(0.7797016614918416 9.234352117420298e-22 -0.07729392253863264)
(0.7797016614918416 -0.1 -0.07729392253863264)
(0.7568036542859111 9.234351944284261e-22 -0.07819161652019482)
(0.7568036542859111 -0.1 -0.07819161652019482)
(0.7339030098852937 0 -0.07901626316361787)
(0.7339030098852937 -0.1 -0.07901626316361787)
(0.7109999649408848 0 -0.0797663082375861)
(0.7109999649408848 -0.1 -0.0797663082375861)
(0.6880948343368359 0 -0.08044178290197163)
(0.6880948343368359 -0.1 -0.08044178290197163)
(0.6651880646932421 0 -0.08104048278494985)
(0.6651880646932421 -0.1 -0.08104048278494985)
(0.642279998213797 0 -0.08156004799139277)
(0.642279998213797 -0.1 -0.08156004799139277)
(0.619370766603208 0 -0.08199701842731791)
(0.619370766603208 -0.1 -0.08199701842731791)
(0.5964608685191785 2.308589484042375e-22 -0.08234972361092938)
(0.5964608685191785 -0.1 -0.08234972361092938)
(0.5735507997006913 2.308589883872686e-22 -0.08261263135235662)
(0.5735507997006913 -0.1 -0.08261263135235662)
(0.5506409832597031 0 -0.08278178345379852)
(0.5506409832597031 -0.1 -0.08278178345379852)
(0.5277319008421063 0 -0.08285073309163352)
(0.5277319008421063 -0.1 -0.08285073309163352)
(0.5048241563692262 0 -0.08281444363419299)
(0.5048241563692262 -0.1 -0.08281444363419299)
(0.4819186240907152 0 -0.08266503774070094)
(0.4819186240907152 -0.1 -0.08266503774070094)
(0.4590160395376069 0 -0.0823943428845119)
(0.4590160395376069 -0.1 -0.0823943428845119)
(0.4361174698198566 -4.617191785703017e-22 -0.08199378122941718)
(0.4361174698198566 -0.1 -0.08199378122941718)
(0.4132240349221981 -4.617194937822047e-22 -0.08145267508506827)
(0.4132240349221981 -0.1 -0.08145267508506827)
(0.3903373421746175 0 -0.08076125383651853)
(0.3903373421746175 -0.1 -0.08076125383651853)
(0.367459248402848 0 -0.07990476768710711)
(0.367459248402848 -0.1 -0.07990476768710711)
(0.3445917819651507 0 -0.07887057137202172)
(0.3445917819651507 -0.1 -0.07887057137202172)
(0.3217378170312555 0 -0.07764154623135297)
(0.3217378170312555 -0.1 -0.07764154623135297)
(0.2775988417263197 5.823542464580451e-23 0.03541968521950087)
(0.2982581696329918 -2.847206112205615e-21 0.03412000318634047)
(0.2982581696329918 -0.1 0.03412000318634047)
(0.2775988417263197 -0.1 0.03541968521950087)
(0.2580470213493899 1.078715517800721e-21 0.03644944614308129)
(0.2580470213493899 -0.1 0.03644944614308129)
(0.2395463372880674 0 0.03722784253248716)
(0.2395463372880674 -0.1 0.03722784253248716)
(0.2220423185982286 0 0.03777077880145144)
(0.2220423185982286 -0.1 0.03777077880145144)
(0.2054835545850618 1.683559665159807e-22 0.03809568639623264)
(0.2054835545850618 -0.1 0.03809568639623264)
(0.1898215583687814 7.93745605457642e-23 0.03821745837841912)
(0.1898215583687814 -0.1 0.03821745837841912)
(0.1750105815190263 -8.898179356279368e-23 0.03815071339886816)
(0.1750105815190263 -0.1 0.03815071339886816)
(0.1610071629286311 0 0.03790731354091133)
(0.1610071629286311 -0.1 0.03790731354091133)
(0.1477704628305027 -4.204074486250301e-22 0.03750074055329856)
(0.1477704628305027 -0.1 0.03750074055329856)
(0.1352623490559441 -4.204085951442216e-22 0.03694064828465231)
(0.1352623490559441 -0.1 0.03694064828465231)
(0.1234461993340727 0 0.03623619386600191)
(0.1234461993340727 -0.1 0.03623619386600191)
(0.1122880155260573 0 0.03539700944893764)
(0.1122880155260573 -0.1 0.03539700944893764)
(0.1017564035661881 0 0.03442987010761753)
(0.1017564035661881 -0.1 0.03442987010761753)
(0.09182141053514166 0 0.03334005743622684)
(0.09182141053514166 -0.1 0.03334005743622684)
(0.08245575214576005 -1.173077411981881e-21 0.03213410322478671)
(0.08245575214576005 -0.1 0.03213410322478671)
(0.0736347844800089 6.694860816163008e-23 0.0308136179253394)
(0.0736347844800089 -0.1 0.0308136179253394)
(0.06533560692321372 1.240053811547808e-21 0.02938177646401965)
(0.06533560692321372 -0.1 0.02938177646401965)
(0.05753878262549663 0 0.02783826067575788)
(0.05753878262549663 -0.1 0.02783826067575788)
(0.05022727573635555 0 0.0261818621719398)
(0.05022727573635555 -0.1 0.0261818621719398)
(0.04338859357587734 1.548408000975332e-21 0.02441048813494878)
(0.04338859357587734 -0.1 0.02441048813494878)
(0.03701517190017552 1.548490480277804e-21 0.02251745280878906)
(0.03701517190017552 -0.1 0.02251745280878906)
(0.03110509573153762 0 0.02049595254350579)
(0.03110509573153762 -0.1 0.02049595254350579)
(0.02566602490986983 1.829345041665899e-21 0.01833583417635729)
(0.02566602490986983 -0.1 0.01833583417635729)
(0.02071812042697405 3.763167150191539e-21 0.01602616757602446)
(0.02071812042697405 -0.1 0.01602616757602446)
(0.01629889532642286 1.934217394848206e-21 0.01355586845453579)
(0.01629889532642286 -0.1 0.01355586845453579)
(0.01247521262300771 -2.165074517340575e-21 0.01092288970444842)
(0.01247521262300771 -0.1 0.01092288970444842)
(0.009346883453396985 -2.16831252300966e-21 0.008149594912068507)
(0.009346883453396985 -0.1 0.008149594912068507)
(0.007012860158481338 0 0.005276526229628242)
(0.007012860158481338 -0.1 0.005276526229628242)
(0.005554766938984217 -1.290087719384188e-21 0.002389969676220564)
(0.005554766938984217 -0.1 0.002389969676220564)
(0.9617413765409663 0 -0.06735082511608423)
(0.9617413765409663 -0.1 -0.06735082511608423)
(0.9390653842214388 3.65341336593768e-21 -0.06261475889052892)
(0.9390653842214388 -0.1 -0.06261475889052892)
(0.9163706389245605 3.653412689624885e-21 -0.0579651991136962)
(0.9163706389245605 -0.1 -0.0579651991136962)
(0.8936585461981675 0 -0.0533977332576706)
(0.8936585461981675 -0.1 -0.0533977332576706)
(0.8709299603914513 0 -0.04891091343654413)
(0.8709299603914513 -0.1 -0.04891091343654413)
(0.8481854300567894 -3.653411652826056e-21 -0.04450253780612806)
(0.8481854300567894 -0.1 -0.04450253780612806)
(0.8254260804078768 -3.653411676210922e-21 -0.04016960488044653)
(0.8254260804078768 -0.1 -0.04016960488044653)
(0.8026522351742473 0 -0.03591236088056532)
(0.8026522351742473 -0.1 -0.03591236088056532)
(0.7798645378437873 -3.6534114634597e-21 -0.03172873826279097)
(0.7798645378437873 -0.1 -0.03172873826279097)
(0.7570633876829722 -3.653411427739633e-21 -0.02761903763945107)
(0.7570633876829722 -0.1 -0.02761903763945107)
(0.7342491650879845 0 -0.02358304253893061)
(0.7342491650879845 -0.1 -0.02358304253893061)
(0.7114220553121922 0 -0.01962189945551488)
(0.7114220553121922 -0.1 -0.01962189945551488)
(0.6885822630986176 0 -0.01573663899092943)
(0.6885822630986176 -0.1 -0.01573663899092943)
(0.6657297763908256 3.653412080600651e-21 -0.01192955396488933)
(0.6657297763908256 -0.1 -0.01192955396488933)
(0.6428645476912395 3.653412407863511e-21 -0.008202661877451072)
(0.6428645476912395 -0.1 -0.008202661877451072)
(0.6199868371345497 0 -0.00455836558614523)
(0.6199868371345497 -0.1 -0.00455836558614523)
(0.5970962697675035 -3.653413870742186e-21 -0.001001894513016093)
(0.5970962697675035 -0.1 -0.001001894513016093)
(0.5741926135833386 -3.653414660494607e-21 0.00246318415946499)
(0.5741926135833386 -0.1 0.00246318415946499)
(0.5512758487446461 0 0.005831930973701468)
(0.5512758487446461 -0.1 0.005831930973701468)
(0.5283455552730565 0 0.009097707330774973)
(0.5283455552730565 -0.1 0.009097707330774973)
(0.505401494250428 0 0.01225455878949249)
(0.505401494250428 -0.1 0.01225455878949249)
(0.4824434096591779 0 0.01529480291453721)
(0.4824434096591779 -0.1 0.01529480291453721)
(0.4594712808033649 0 0.01821027207373026)
(0.4594712808033649 -0.1 0.01821027207373026)
(0.4364844862854115 0 0.02098948682447743)
(0.4364844862854115 -0.1 0.02098948682447743)
(0.4134829381194487 -1.826713958417287e-21 0.02362352623706342)
(0.4134829381194487 -0.1 0.02362352623706342)
(0.3904667718910335 -1.826715960242708e-21 0.02609975485265363)
(0.3904667718910335 -0.1 0.02609975485265363)
(0.3674359951542728 1.826718440135878e-21 0.02840394538728824)
(0.3674359951542728 -0.1 0.02840394538728824)
(0.3443906793477249 1.826721174033662e-21 0.03052032322540857)
(0.3443906793477249 -0.1 0.03052032322540857)
(0.3213315151701258 -1.826725068656062e-21 0.03243250535923507)
(0.3213315151701258 -0.1 0.03243250535923507)
)


// ************************************************************************* //
